 x = [
  -0.2599391646161249D+00  -0.4048312629134951D+00   0.8766660021162767D+00
  -0.2641064334851246D+00  -0.4022364572650556D+00   0.8766148665398189D+00
  -0.2683466638448023D+00  -0.3997566505647052D+00   0.8764614585551682D+00
  -0.2726591154140411D+00  -0.3973920578457790D+00   0.8762057744290034D+00
  -0.2770429696307954D+00  -0.3951427718142407D+00   0.8758478080472138D+00
  -0.2814973303827609D+00  -0.3930087637806869D+00   0.8753875510760676D+00
  -0.2860212249855303D+00  -0.3909898849778815D+00   0.8748249931859284D+00
  -0.2906136054010684D+00  -0.3890858682526878D+00   0.8741601223356303D+00
  -0.2952733496874765D+00  -0.3872963301183688D+00   0.8733929251151400D+00
  -0.2999992636692930D+00  -0.3856207731505381D+00   0.8725233871436704D+00
  -0.3047900828160031D+00  -0.3840585887075929D+00   0.8715514935200021D+00
  -0.3096444743150341D+00  -0.3826090599542909D+00   0.8704772293213994D+00
  -0.3145610393243096D+00  -0.3812713651652490D+00   0.8693005801471880D+00
  -0.3195383153884247D+00  -0.3800445812835789D+00   0.8680215327027991D+00
  -0.3245747790017193D+00  -0.3789276877086421D+00   0.8666400754198751D+00
  -0.3296688483009351D+00  -0.3779195702859893D+00   0.8651561991078769D+00
  -0.3348188858697778D+00  -0.3770190254719867D+00   0.8635698976325391D+00
  -0.3400232016375410D+00  -0.3762247646453636D+00   0.8618811686164728D+00
  -0.3452800558539790D+00  -0.3755354185379758D+00   0.8600900141572279D+00
  -0.3505876621228461D+00  -0.3749495417574285D+00   0.8581964415581852D+00
  -0.3559441904769101D+00  -0.3744656173748157D+00   0.8562004640677527D+00
  -0.3613477704778030D+00  -0.3740820615516962D+00   0.8541021016224899D+00
  -0.3667964943247675D+00  -0.3737972281815057D+00   0.8519013815899609D+00
  -0.3722884199571688D+00  -0.3736094135218768D+00   0.8495983395073428D+00
  -0.3778215741365620D+00  -0.3735168607957589D+00   0.8471930198120450D+00
  -0.3833939554950968D+00  -0.3735177647407909D+00   0.8446854765608718D+00
  -0.3890035375381096D+00  -0.3736102760880247D+00   0.8420757741345292D+00
  -0.3946482715898511D+00  -0.3737925059528237D+00   0.8393639879245782D+00
  -0.4003260896724298D+00  -0.3740625301225157D+00   0.8365502050002281D+00
  -0.4060349073091938D+00  -0.3744183932271563D+00   0.8336345247526693D+00
  -0.4117726262449029D+00  -0.3748581127815248D+00   0.8306170595149422D+00
  -0.4175371370761611D+00  -0.3753796830882111D+00   0.8274979351556336D+00
  -0.4233263217866621D+00  -0.3759810789933369D+00   0.8242772916449790D+00
  -0.4291380561828396D+00  -0.3766602594880796D+00   0.8209552835922226D+00
  -0.4349702122265110D+00  -0.3774151711507077D+00   0.8175320807533524D+00
  -0.4408206602620313D+00  -0.3782437514252976D+00   0.8140078685085694D+00
  -0.4466872711363532D+00  -0.3791439317346541D+00   0.8103828483090854D+00
  -0.4525679182111907D+00  -0.3801136404262190D+00   0.8066572380930553D+00
  -0.4584604792672259D+00  -0.3811508055508999D+00   0.8028312726706438D+00
  -0.4643628383009659D+00  -0.3822533574757900D+00   0.7989052040784044D+00
  -0.4702728872154538D+00  -0.3834192313326891D+00   0.7948793019033084D+00
  -0.4761885274065761D+00  -0.3846463693051573D+00   0.7907538535768999D+00
  -0.4821076712471648D+00  -0.3859327227575612D+00   0.7865291646401746D+00
  -0.4880282434714983D+00  -0.3872762542101917D+00   0.7822055589798931D+00
  -0.4939481824631411D+00  -0.3886749391650607D+00   0.7777833790371171D+00
  -0.4998654414493482D+00  -0.3901267677874236D+00   0.7732629859888458D+00
  -0.5057779896054779D+00  -0.3916297464484282D+00   0.7686447599036768D+00
  -0.5116838130730476D+00  -0.3931818991345623D+00   0.7639290998724720D+00
  -0.5175809158951827D+00  -0.3947812687297830D+00   0.7591164241150409D+00
  -0.5234673208733135D+00  -0.3964259181763438D+00   0.7542071700638746D+00
  -0.5293410703490145D+00  -0.3981139315204190D+00   0.7492017944259843D+00
  -0.5352002269149041D+00  -0.3998434148486532D+00   0.7441007732238980D+00
  -0.5410428740585139D+00  -0.4016124971217424D+00   0.7389046018168661D+00
  -0.5468671167429887D+00  -0.4034193309110963D+00   0.7336137949033222D+00
  -0.5526710819284307D+00  -0.4052620930445363D+00   0.7282288865056229D+00
  -0.5584529190376105D+00  -0.4071389851668585D+00   0.7227504299380751D+00
  -0.5642108003696781D+00  -0.4090482342209427D+00   0.7171789977592317D+00
  -0.5699429214653959D+00  -0.4109880928549151D+00   0.7115151817094061D+00
  -0.5756475014272944D+00  -0.4129568397606882D+00   0.7057595926343322D+00
  -0.5813227831980232D+00  -0.4149527799489993D+00   0.6999128603958507D+00
  -0.5869670338000365D+00  -0.4169742449658573D+00   0.6939756337704805D+00
  -0.5925785445396106D+00  -0.4190195930550903D+00   0.6879485803366872D+00
  -0.5981556311780495D+00  -0.4210872092714705D+00   0.6818323863516268D+00
  -0.6036966340727921D+00  -0.4231755055486576D+00   0.6756277566181096D+00
  -0.6091999182909884D+00  -0.4252829207259888D+00   0.6693354143424847D+00
  -0.6146638736979748D+00  -0.4274079205379183D+00   0.6629561009841095D+00
  -0.6200869150229303D+00  -0.4295489975696853D+00   0.6564905760970402D+00
  -0.6254674819038666D+00  -0.4317046711825830D+00   0.6499396171645287D+00
  -0.6308040389139633D+00  -0.4338734874119866D+00   0.6433040194268894D+00
  -0.6360950755711354D+00  -0.4360540188410951D+00   0.6365845957032588D+00
  -0.6413391063325908D+00  -0.4382448644531505D+00   0.6297821762077372D+00
  -0.6465346705760150D+00  -0.4404446494647051D+00   0.6228976083603766D+00
  -0.6516803325689062D+00  -0.4426520251423255D+00   0.6159317565934376D+00
  -0.6567746814274732D+00  -0.4448656686049581D+00   0.6088855021533234D+00
  -0.6618163310663980D+00  -0.4470842826140020D+00   0.6017597428985551D+00
  -0.6668039201406741D+00  -0.4493065953529936D+00   0.5945553930941430D+00
  -0.6717361119806267D+00  -0.4515313601986486D+00   0.5872733832026695D+00
  -0.6766115945211385D+00  -0.4537573554848722D+00   0.5799146596723846D+00
  -0.6814290802260177D+00  -0.4559833842612155D+00   0.5724801847225912D+00
  -0.6861873060083634D+00  -0.4582082740471299D+00   0.5649709361265718D+00
  -0.6908850331477132D+00  -0.4604308765832602D+00   0.5573879069922973D+00
  -0.6955210472046854D+00  -0.4626500675808999D+00   0.5497321055411322D+00
  -0.7000941579337621D+00  -0.4648647464706401D+00   0.5420045548847390D+00
  -0.7046031991948016D+00  -0.4670738361511390D+00   0.5342062928003654D+00
  -0.7090470288638093D+00  -0.4692762827388573D+00   0.5263383715046854D+00
  -0.7134245287434454D+00  -0.4714710553195197D+00   0.5184018574263515D+00
  -0.7177346044736981D+00  -0.4736571457019856D+00   0.5103978309773975D+00
  -0.7219761854431050D+00  -0.4758335681751449D+00   0.5023273863236332D+00
  -0.7261482247008675D+00  -0.4779993592683869D+00   0.4941916311541406D+00
  -0.7302496988701581D+00  -0.4801535775161273D+00   0.4859916864499924D+00
  -0.7342796080628926D+00  -0.4822953032268345D+00   0.4777286862522915D+00
  -0.7382369757962020D+00  -0.4844236382569280D+00   0.4694037774296230D+00
  -0.7421208489108077D+00  -0.4865377057898901D+00   0.4610181194450089D+00
  -0.7459302974914841D+00  -0.4886366501208846D+00   0.4525728841224431D+00
  -0.7496644147897579D+00  -0.4907196364471320D+00   0.4440692554130767D+00
  -0.7533223171489785D+00  -0.4927858506642635D+00   0.4355084291611268D+00
  -0.7569031439318703D+00  -0.4948344991688380D+00   0.4268916128695617D+00
  -0.7604060574506593D+00  -0.4968648086671811D+00   0.4182200254656274D+00
  -0.7638302428998489D+00  -0.4988760259906738D+00   0.4094948970662645D+00
  -0.7671749082917071D+00  -0.5008674179175999D+00   0.4007174687434616D+00
  -0.7704392843945123D+00  -0.5028382710016369D+00   0.3918889922895974D+00
  -0.7736226246735919D+00  -0.5047878914070560D+00   0.3830107299828047D+00
  -0.7767242052351786D+00  -0.5067156047506808D+00   0.3740839543524047D+00
  -0.7797433247731000D+00  -0.5086207559506386D+00   0.3651099479444416D+00
  -0.7826793045183076D+00  -0.5105027090819251D+00   0.3560900030873567D+00
